referrer,views_total,views_unique
Google,13,8
hnn.brown.edu,9,1
github.com,7,5
jonescompneurolab.github.io,7,3
brown.edu,1,1
